red
98 3 29
133 24 54
200 22 65
200 24 67
90 9 22
89 5 18
82 3 14
107 6 21
182 16 39
182 28 44
92 10 15
122 31 37

orange
198 22 51
233 49 67
232 50 68
254 120 118
179 17 32
168 11 25
203 28 37
201 24 34
254 87 71
254 103 86
255 107 87

yellow
186 118 30
223 165 33
225 168 33
215 155 34
255 255 0
255 255 1
165 84 19
254 204 3
255 202 1
253 220 1
163 97 19
179 117 23


green
7 51 45
34 91 76
5 185 146
6 186 147
3 36 25
15 61 40
16 63 42
13 59 38
13 60 39
45 75 50
30 56 35
23 47 30
33 61 37
24 157 104
30 155 107

blue
4 29 62
1 22 56
3 26 60
22 53 96
28 59 101
16 119 234
11 116 230
10 28 44
10 86 142
26 106 169
26 35 44
41 58 74
45 60 76

white
190 178 182
179 163 169
170 134 116
195 169 148
189 160 139
252 255 255
252 255 255
252 255 255
251 255 255
183 177 156
165 147 125
242 255 255
